function a = a_reactive(in1,in2,h,in4,in5,ph,ptau)
%A_REACTIVE
%    A = A_REACTIVE(IN1,IN2,H,IN4,IN5,PH,PTAU)

%    This function was generated by the Symbolic Math Toolbox version 8.0.
%    12-Jun-2021 19:56:36

pw1 = in5(1,:);
pw2 = in5(2,:);
pw3 = in5(3,:);
pw4 = in5(4,:);
u1 = in1(1,:);
u2 = in1(2,:);
u3 = in1(3,:);
u4 = in1(4,:);
w1 = in2(1,:);
w2 = in2(2,:);
w3 = in2(3,:);
w4 = in2(4,:);
t2 = 1.0./h;
t3 = u1.^2;
t4 = u2.^2;
t5 = u3.^2;
t6 = u4.^2;
t7 = t3+t4+t5+t6;
t8 = pw1.*t2.*w1;
t9 = pw2.*t2.*w2;
t10 = pw3.*t2.*w3;
t11 = pw4.*t2.*w4;
t19 = ph.*2.0;
t12 = t8+t9+t10+t11-t19;
t13 = u1.*w1.*8.0;
t14 = u2.*w2.*8.0;
t15 = u3.*w3.*8.0;
t16 = u4.*w4.*8.0;
t17 = t13+t14+t15+t16;
t20 = h.*2.0;
t18 = 1.0./(-t20).^(3.0./2.0);
t21 = sqrt(2.0);
t22 = sqrt(-h);
t23 = t12.*w1;
t24 = t17.*w1;
t25 = t7.*u1;
t26 = t24+t25;
t27 = pw1.*t2.*t7.*(1.0./4.0);
t48 = ptau.*t18.*t26;
t28 = t23+t27-t48;
t29 = t12.*w2;
t30 = t17.*w2;
t31 = t7.*u2;
t32 = t30+t31;
t33 = pw2.*t2.*t7.*(1.0./4.0);
t49 = ptau.*t18.*t32;
t34 = t29+t33-t49;
t35 = t12.*w3;
t36 = t17.*w3;
t37 = t7.*u3;
t38 = t36+t37;
t39 = pw3.*t2.*t7.*(1.0./4.0);
t50 = ptau.*t18.*t38;
t40 = t35+t39-t50;
t41 = t12.*w4;
t42 = t17.*w4;
t43 = t7.*u4;
t44 = t42+t43;
t45 = pw4.*t2.*t7.*(1.0./4.0);
t51 = ptau.*t18.*t44;
t46 = t41+t45-t51;
t47 = 1.0./t7;
a = [-t21.*t22.*t47.*(t28.*u1-t34.*u2-t40.*u3+t46.*u4);-t21.*t22.*t47.*(t28.*u2+t34.*u1-t40.*u4-t46.*u3);-t21.*t22.*t47.*(t28.*u3+t34.*u4+t40.*u1+t46.*u2);0.0];
