function a = a_reactive(in1,in2,h,in4,in5,ph,ptau)
%A_REACTIVE
%    A = A_REACTIVE(IN1,IN2,H,IN4,IN5,PH,PTAU)

%    This function was generated by the Symbolic Math Toolbox version 8.0.
%    10-Jun-2021 11:22:11

pv1 = in5(1,:);
pv2 = in5(2,:);
pv3 = in5(3,:);
pv4 = in5(4,:);
u1 = in1(1,:);
u2 = in1(2,:);
u3 = in1(3,:);
u4 = in1(4,:);
v1 = in2(1,:);
v2 = in2(2,:);
v3 = in2(3,:);
v4 = in2(4,:);
t2 = 1.0./h;
t3 = u1.^2;
t4 = u2.^2;
t5 = u3.^2;
t6 = u4.^2;
t7 = t3+t4+t5+t6;
t8 = pv1.*t2.*v1;
t9 = pv2.*t2.*v2;
t10 = pv3.*t2.*v3;
t11 = pv4.*t2.*v4;
t19 = ph.*2.0;
t12 = t8+t9+t10+t11-t19;
t13 = u1.*v1.*8.0;
t14 = u2.*v2.*8.0;
t15 = u3.*v3.*8.0;
t16 = u4.*v4.*8.0;
t17 = t13+t14+t15+t16;
t20 = h.*2.0;
t18 = 1.0./(-t20).^(3.0./2.0);
t21 = sqrt(2.0);
t22 = sqrt(-h);
t23 = t12.*v1;
t24 = t17.*v1;
t25 = t7.*u1;
t26 = t24+t25;
t27 = pv1.*t2.*t7.*(1.0./4.0);
t48 = ptau.*t18.*t26;
t28 = t23+t27-t48;
t29 = t12.*v2;
t30 = t17.*v2;
t31 = t7.*u2;
t32 = t30+t31;
t33 = pv2.*t2.*t7.*(1.0./4.0);
t49 = ptau.*t18.*t32;
t34 = t29+t33-t49;
t35 = t12.*v3;
t36 = t17.*v3;
t37 = t7.*u3;
t38 = t36+t37;
t39 = pv3.*t2.*t7.*(1.0./4.0);
t50 = ptau.*t18.*t38;
t40 = t35+t39-t50;
t41 = t12.*v4;
t42 = t17.*v4;
t43 = t7.*u4;
t44 = t42+t43;
t45 = pv4.*t2.*t7.*(1.0./4.0);
t51 = ptau.*t18.*t44;
t46 = t41+t45-t51;
t47 = 1.0./t7;
a = [-t21.*t22.*t47.*(t28.*u1-t34.*u2-t40.*u3+t46.*u4);-t21.*t22.*t47.*(t28.*u2+t34.*u1-t40.*u4-t46.*u3);-t21.*t22.*t47.*(t28.*u3+t34.*u4+t40.*u1+t46.*u2);0.0];
