function dgdv = dgdv(in1,in2)
%DGDV
%    DGDV = DGDV(IN1,IN2)

%    This function was generated by the Symbolic Math Toolbox version 8.0.
%    08-Apr-2021 14:33:41

V1 = in2(1,:);
V2 = in2(2,:);
V3 = in2(3,:);
v1 = in1(1,:);
v2 = in1(2,:);
v3 = in1(3,:);
v4 = in1(4,:);
t2 = V2.^2;
t3 = V3.^2;
t4 = V1.^2;
t5 = V1.*V2.*v2.*2.0;
t6 = V1.*V3.*v3.*2.0;
t7 = V1.*V2.*v1.*2.0;
t8 = V1.*V3.*v4.*2.0;
t9 = V1.*V3.*v1.*2.0;
t10 = V1.*V3.*v2.*2.0;
t11 = V2.*v1;
t12 = V3.*v4;
t14 = V1.*v2;
t13 = t11+t12-t14;
t15 = V1.*v3;
t16 = V2.*v4;
t31 = V3.*v1;
t17 = t15+t16-t31;
t18 = t13.^2;
t24 = V1.*v1;
t25 = V2.*v2;
t26 = V3.*v3;
t19 = t24+t25+t26;
t21 = V1.*v4;
t22 = V2.*v3;
t23 = V3.*v2;
t20 = t21-t22+t23;
t27 = t19.^2;
t28 = t20.^2;
t29 = t27+t28;
t30 = 1.0./t29;
t32 = t17.^2;
t33 = t18+t32;
t34 = 1.0./t33;
t35 = 1.0./t19;
t36 = 1.0./t19.^2;
t37 = 1.0./t13;
t38 = 1.0./t13.^2;
dgdv = reshape([t5+t6+t4.*v1.*2.0,-t5-t6+t2.*v1.*2.0+t3.*v1.*2.0,t18.*t34.*(V3.*t37+V2.*t17.*t38)-V1.*t20.*t30,t7+t8+t2.*v2.*2.0+t3.*v2.*2.0,-t7-t8+t4.*v2.*2.0,t27.*t30.*(V3.*t35-V2.*t20.*t36)-V1.*t17.*t34,t9+t2.*v3.*2.0+t3.*v3.*2.0-V1.*V2.*v4.*2.0,-t9+t4.*v3.*2.0+V1.*V2.*v4.*2.0,-t27.*t30.*(V2.*t35+V3.*t20.*t36)-V1.*t13.*t34,t10+t4.*v4.*2.0-V1.*V2.*v3.*2.0,-t10+t2.*v4.*2.0+t3.*v4.*2.0+V1.*V2.*v3.*2.0,-t18.*t34.*(V2.*t37-V3.*t17.*t38)+V1.*t19.*t30],[3,4]);
