function dgduv = get_dgduv(in1,in2,h)
%GET_DGDUV
%    DGDUV = GET_DGDUV(IN1,IN2,H)

%    This function was generated by the Symbolic Math Toolbox version 8.0.
%    15-Apr-2021 13:56:33

u1 = in1(1,:);
u2 = in1(2,:);
u3 = in1(3,:);
u4 = in1(4,:);
v1 = in2(1,:);
v2 = in2(2,:);
v3 = in2(3,:);
v4 = in2(4,:);
t2 = u1.*2.0;
t3 = u4.*2.0;
t4 = u2.*2.0;
t5 = sqrt(2.0);
t6 = sqrt(-h);
t7 = u1.^2;
t8 = u2.^2;
t9 = u3.^2;
t10 = u4.^2;
t11 = t7+t8+t9+t10;
t12 = t5.*t6.*u1.*v1.*2.0;
t13 = t5.*t6.*u4.*v4.*2.0;
t17 = t5.*t6.*u2.*v2.*2.0;
t18 = t5.*t6.*u3.*v3.*2.0;
t14 = t12+t13-t17-t18;
t15 = 1.0./t11.^2;
t16 = 1.0./t11;
t19 = t5.*t6.*u1.*v2.*2.0;
t20 = t5.*t6.*u2.*v1.*2.0;
t23 = t5.*t6.*u3.*v4.*2.0;
t24 = t5.*t6.*u4.*v3.*2.0;
t21 = t19+t20-t23-t24;
t22 = t5.*t6.*t16.*v1.*2.0;
t25 = t5.*t6.*t16.*v4.*2.0;
t26 = t5.*t6.*t16.*u1.*2.0;
t27 = t5.*t6.*t16.*u4.*2.0;
t28 = t5.*t6.*u1.*v3.*2.0;
t29 = t5.*t6.*u3.*v1.*2.0;
t30 = t5.*t6.*u2.*v4.*2.0;
t31 = t5.*t6.*u4.*v2.*2.0;
t32 = t28+t29+t30+t31;
t33 = t5.*t6.*t16.*v2.*2.0;
t34 = t5.*t6.*t16.*u2.*2.0;
dgduv = reshape([t2,t4,u3.*2.0,t22-t14.*t15.*u1.*2.0,t33-t15.*t21.*u1.*2.0,t15.*t32.*u1.*-2.0+t5.*t6.*t16.*v3.*2.0,u2.*-2.0,t2,t3,t14.*t15.*u2.*-2.0-t5.*t6.*t16.*v2.*2.0,t22-t15.*t21.*u2.*2.0,t25-t15.*t32.*u2.*2.0,u3.*-2.0,-t3,t2,t14.*t15.*u3.*-2.0-t5.*t6.*t16.*v3.*2.0,-t25-t15.*t21.*u3.*2.0,t22-t15.*t32.*u3.*2.0,t3,u3.*-2.0,t4,t25-t14.*t15.*u4.*2.0,t15.*t21.*u4.*-2.0-t5.*t6.*t16.*v3.*2.0,t33-t15.*t32.*u4.*2.0,0.0,0.0,0.0,t26,t34,t5.*t6.*t16.*u3.*2.0,0.0,0.0,0.0,t5.*t6.*t16.*u2.*-2.0,t26,t27,0.0,0.0,0.0,t5.*t6.*t16.*u3.*-2.0,-t27,t26,0.0,0.0,0.0,t27,t5.*t6.*t16.*u3.*-2.0,t34],[6,8]);
