function dgdv = get_dgdv(in1,in2)
%GET_DGDV
%    DGDV = GET_DGDV(IN1,IN2)

%    This function was generated by the Symbolic Math Toolbox version 8.0.
%    12-Apr-2021 15:36:20

V1 = in2(1,:);
V2 = in2(2,:);
V3 = in2(3,:);
v1 = in1(1,:);
v2 = in1(2,:);
v3 = in1(3,:);
v4 = in1(4,:);
t2 = V1.^2;
t3 = V2.^2;
t4 = V3.^2;
t5 = t2+t3+t4;
t6 = 1.0./t5.^2;
t7 = V2.*v1;
t8 = V3.*v4;
t10 = V1.*v2;
t9 = t7+t8-t10;
t11 = V1.*v3;
t12 = V2.*v4;
t27 = V3.*v1;
t13 = t11+t12-t27;
t14 = t9.^2;
t20 = V1.*v1;
t21 = V2.*v2;
t22 = V3.*v3;
t15 = t20+t21+t22;
t17 = V1.*v4;
t18 = V2.*v3;
t19 = V3.*v2;
t16 = t17-t18+t19;
t23 = t15.^2;
t24 = t16.^2;
t25 = t23+t24;
t26 = 1.0./t25;
t28 = t13.^2;
t29 = t14+t28;
t30 = 1.0./t29;
t31 = 1.0./t15;
t32 = 1.0./t15.^2;
t33 = 1.0./t9;
t34 = 1.0./t9.^2;
dgdv = reshape([v1.*2.0,t6.*(t2.*v1.*2.0-t3.*v1.*2.0-t4.*v1.*2.0+V1.*V2.*v2.*4.0+V1.*V3.*v3.*4.0),t14.*t30.*(V3.*t33+V2.*t13.*t34)-V1.*t16.*t26,v2.*2.0,t6.*(t2.*v2.*-2.0+t3.*v2.*2.0+t4.*v2.*2.0+V1.*V2.*v1.*4.0+V1.*V3.*v4.*4.0),t23.*t26.*(V3.*t31-V2.*t16.*t32)-V1.*t13.*t30,v3.*2.0,t6.*(t2.*v3.*-2.0+t3.*v3.*2.0+t4.*v3.*2.0+V1.*V3.*v1.*4.0-V1.*V2.*v4.*4.0),-t23.*t26.*(V2.*t31+V3.*t16.*t32)-V1.*t9.*t30,v4.*2.0,-t6.*(t2.*v4.*-2.0+t3.*v4.*2.0+t4.*v4.*2.0+V1.*V2.*v3.*4.0-V1.*V3.*v2.*4.0),-t14.*t30.*(V2.*t33-V3.*t13.*t34)+V1.*t15.*t26],[3,4]);
