function ortdgduv = get_ortdgduv(in1,in2)
%GET_ORTDGDUV
%    ORTDGDUV = GET_ORTDGDUV(IN1,IN2)

%    This function was generated by the Symbolic Math Toolbox version 8.7.
%    18-Aug-2021 20:21:39

u1 = in1(1,:);
u2 = in1(2,:);
u3 = in1(3,:);
u4 = in1(4,:);
w1 = in2(1,:);
w2 = in2(2,:);
w3 = in2(3,:);
w4 = in2(4,:);
t2 = u1.^2;
t3 = u1.^3;
t4 = u2.^2;
t5 = u2.^3;
t6 = u3.^2;
t7 = u3.^3;
t8 = u4.^2;
t9 = u4.^3;
t10 = w1.^2;
t11 = w2.^2;
t12 = w3.^2;
t13 = w4.^2;
t22 = u1.*w3.*w4.*4.0;
t23 = u3.*w2.*w3.*4.0;
t24 = u4.*w1.*w3.*4.0;
t25 = u2.*w3.*w4.*4.0;
t26 = u3.*w2.*w4.*4.0;
t27 = u4.*w1.*w4.*4.0;
t34 = u1.*w1.*w2.*w4.*4.0;
t35 = u2.*w1.*w2.*w3.*4.0;
t56 = u2.*w2.*w3.*w4.*-4.0;
t57 = u4.*w1.*w2.*w4.*-4.0;
t14 = t4.*u1;
t15 = t2.*u2;
t16 = t6.*u1;
t17 = t8.*u1;
t18 = t6.*u2;
t19 = t8.*u2;
t20 = t3.*w2;
t21 = t5.*w1;
t36 = t22.*w1;
t37 = t23.*w1;
t38 = t25.*w2;
t39 = t27.*w2;
t40 = t23.*w4;
t41 = t24.*w4;
t42 = t13.*u1.*4.0;
t43 = t12.*u2.*4.0;
t44 = -t22;
t45 = -t23;
t46 = -t25;
t47 = -t27;
t49 = t11.*u3.*w1.*4.0;
t51 = t10.*u4.*w2.*4.0;
t53 = t10.*u4.*w3.*4.0;
t55 = t11.*u3.*w4.*4.0;
t62 = t12.*u2.*w1.*-4.0;
t28 = t15.*w1;
t29 = t14.*w2;
t30 = t16.*w2;
t31 = t18.*w1;
t32 = t17.*w2;
t33 = t19.*w1;
t48 = t43.*w1;
t50 = t42.*w2;
t52 = t42.*w3;
t54 = t43.*w4;
t58 = -t21;
t63 = -t53;
t64 = t3+t14+t16+t17+t26+t42+t46+t47;
t65 = t5+t15+t18+t19+t24+t43+t44+t45;
t59 = -t28;
t60 = -t31;
t61 = -t33;
t66 = t20+t29+t30+t32+t36+t37+t50+t55+t56+t57+t58+t59+t60+t61+t62+t63;
t67 = 1.0./t66;
mt1 = [t67.*(t3.*u4+t9.*u1+t14.*u4+t16.*u4+t26.*u4+t42.*u4-t8.*w1.*w4.*4.0-u2.*u4.*w3.*w4.*4.0),-t64.*t67.*u3,t64.*t67.*u2,-t64.*t67.*u1,t67.*(t3.*w4-t9.*w1+t14.*w4+t16.*w4+t17.*w4+u1.*w4.^3.*4.0-u4.*w1.^3.*4.0-t2.*u4.*w1-t4.*u4.*w1-t6.*u4.*w1+t10.*u1.*w4.*4.0-t10.*u2.*w3.*4.0+t10.*u3.*w2.*4.0-t13.*u2.*w3.*4.0+t13.*u3.*w2.*4.0-t13.*u4.*w1.*4.0),t67.*(t34-t35-t40+t49-t51+t54-t3.*w3+t7.*w1-t14.*w3-t16.*w3-t17.*w3+t2.*u3.*w1+t4.*u3.*w1+t8.*u3.*w1-t13.*u1.*w3.*4.0+u4.*w1.*w3.*w4.*4.0),1.0];
mt2 = [0.0,t67.*(t5.*u4+t9.*u2+t15.*u4+t18.*u4+t43.*u4+t8.*w1.*w3.*4.0-u1.*u4.*w3.*w4.*4.0-u3.*u4.*w2.*w3.*4.0),-t65.*t67.*u3,t65.*t67.*u2,-t65.*t67.*u1,t67.*(t34-t35+t41+t49-t51+t54+t5.*w4-t9.*w2+t15.*w4+t18.*w4+t19.*w4-t2.*u4.*w2-t4.*u4.*w2-t6.*u4.*w2-t13.*u1.*w3.*4.0-u3.*w2.*w3.*w4.*4.0)];
mt3 = [-t67.*(t5.*w3-t7.*w2+t15.*w3+t18.*w3+t19.*w3+u2.*w3.^3.*4.0-u3.*w2.^3.*4.0-t2.*u3.*w2-t4.*u3.*w2-t8.*u3.*w2-t11.*u1.*w4.*4.0+t11.*u2.*w3.*4.0+t11.*u4.*w1.*4.0-t12.*u1.*w4.*4.0-t12.*u3.*w2.*4.0+t12.*u4.*w1.*4.0),0.0,1.0];
ortdgduv = reshape([mt1,mt2,mt3],8,2);
