function jac_sym_ddUdrdr = jac_sym_ddUdrdr(in1,in2)
%jac_sym_ddUdrdr
%    jac_sym_ddUdrdr = jac_sym_ddUdrdr(IN1,IN2)

%    This function was generated by the Symbolic Math Toolbox version 24.1.
%    10-Dec-2024 10:05:21

pV1 = in2(1,:);
pV2 = in2(2,:);
pV3 = in2(3,:);
r1 = in1(1,:);
r2 = in1(2,:);
r3 = in1(3,:);
t2 = r1.^2;
t3 = r1.^3;
t4 = r2.^2;
t5 = r2.^3;
t6 = r3.^2;
t7 = r3.^3;
t23 = pV1.*r1.*r2.*r3.*1.5e+1;
t24 = pV2.*r1.*r2.*r3.*1.5e+1;
t25 = pV3.*r1.*r2.*r3.*1.5e+1;
t8 = pV1.*t3.*3.0;
t9 = pV1.*t5.*3.0;
t10 = pV2.*t3.*3.0;
t11 = pV1.*t7.*3.0;
t12 = pV2.*t5.*3.0;
t13 = pV3.*t3.*3.0;
t14 = pV2.*t7.*3.0;
t15 = pV3.*t5.*3.0;
t16 = pV3.*t7.*3.0;
t17 = pV1.*r2.*t6.*3.0;
t18 = pV1.*r3.*t4.*3.0;
t19 = pV2.*r1.*t6.*3.0;
t20 = pV2.*r3.*t2.*3.0;
t21 = pV3.*r1.*t4.*3.0;
t22 = pV3.*r2.*t2.*3.0;
t26 = pV1.*r2.*t2.*1.2e+1;
t27 = pV1.*r3.*t2.*1.2e+1;
t28 = pV2.*r1.*t4.*1.2e+1;
t29 = pV2.*r3.*t4.*1.2e+1;
t30 = pV3.*r1.*t6.*1.2e+1;
t31 = pV3.*r2.*t6.*1.2e+1;
t32 = -t23;
t33 = -t24;
t34 = -t25;
t41 = t2+t4+t6;
t35 = -t26;
t36 = -t27;
t37 = -t28;
t38 = -t29;
t39 = -t30;
t40 = -t31;
t42 = 1.0./t41.^(7.0./2.0);
t43 = t9+t10+t17+t19+t34+t35+t37;
t44 = t11+t13+t18+t21+t33+t36+t39;
t45 = t14+t15+t20+t22+t32+t38+t40;
t46 = t42.*t43;
t47 = t42.*t44;
t48 = t42.*t45;
jac_sym_ddUdrdr = reshape([t42.*(t12+t16-pV1.*t3.*6.0+pV1.*r1.*t4.*9.0-pV2.*r2.*t2.*1.2e+1+pV1.*r1.*t6.*9.0-pV3.*r3.*t2.*1.2e+1+pV2.*r2.*t6.*3.0+pV3.*r3.*t4.*3.0),t46,t47,t46,t42.*(t8+t16-pV2.*t5.*6.0-pV1.*r1.*t4.*1.2e+1+pV2.*r2.*t2.*9.0+pV1.*r1.*t6.*3.0+pV3.*r3.*t2.*3.0+pV2.*r2.*t6.*9.0-pV3.*r3.*t4.*1.2e+1),t48,t47,t48,t42.*(t8+t12-pV3.*t7.*6.0+pV1.*r1.*t4.*3.0+pV2.*r2.*t2.*3.0-pV1.*r1.*t6.*1.2e+1+pV3.*r3.*t2.*9.0-pV2.*r2.*t6.*1.2e+1+pV3.*r3.*t4.*9.0)],[3,3]);
end
