function J = symJ(in1,in2,h,in4,in5,ph)
%SYMJ
%    J = SYMJ(IN1,IN2,H,IN4,IN5,PH)

%    This function was generated by the Symbolic Math Toolbox version 8.0.
%    11-Aug-2021 13:15:03

pw1 = in5(1,:);
pw2 = in5(2,:);
pw3 = in5(3,:);
pw4 = in5(4,:);
u1 = in1(1,:);
u2 = in1(2,:);
u3 = in1(3,:);
u4 = in1(4,:);
w1 = in2(1,:);
w2 = in2(2,:);
w3 = in2(3,:);
w4 = in2(4,:);
t2 = 1.0./h;
t3 = u1.^2;
t4 = u2.^2;
t5 = u3.^2;
t6 = u4.^2;
t7 = t3+t4+t5+t6;
t8 = sqrt(2.0);
t9 = sqrt(-h);
t10 = 1.0./t7;
t11 = pw1.*t2.*w1;
t12 = pw2.*t2.*w2;
t13 = pw3.*t2.*w3;
t14 = pw4.*t2.*w4;
t16 = ph.*2.0;
t15 = t11+t12+t13+t14-t16;
t17 = t15.*w1;
t18 = pw1.*t2.*t7.*(1.0./4.0);
t19 = t15.*w2;
t20 = pw2.*t2.*t7.*(1.0./4.0);
t21 = t15.*w3;
t22 = pw3.*t2.*t7.*(1.0./4.0);
t23 = t17+t18;
t24 = t21+t22;
t25 = t19+t20;
t26 = t15.*w4;
t27 = pw4.*t2.*t7.*(1.0./4.0);
t28 = t26+t27;
t29 = t23.*u3;
t30 = t24.*u1;
t31 = t25.*u4;
t32 = t28.*u2;
t33 = t29+t30+t31+t32;
t34 = u1.*w3.*2.0;
t35 = u3.*w1.*2.0;
t36 = u2.*w4.*2.0;
t37 = u4.*w2.*2.0;
t38 = t34+t35+t36+t37;
t39 = t23.*u1;
t40 = t28.*u4;
t52 = t25.*u2;
t53 = t24.*u3;
t41 = t39+t40-t52-t53;
t42 = u1.*w1.*2.0;
t43 = u4.*w4.*2.0;
t69 = u2.*w2.*2.0;
t70 = u3.*w3.*2.0;
t44 = t42+t43-t69-t70;
t45 = 1.0./t7.^2;
t46 = t23.*u2;
t47 = t25.*u1;
t71 = t24.*u4;
t72 = t28.*u3;
t48 = t46+t47-t71-t72;
t49 = u1.*w2.*2.0;
t50 = u2.*w1.*2.0;
t66 = u3.*w4.*2.0;
t67 = u4.*w3.*2.0;
t51 = t49+t50-t66-t67;
t54 = 1.0./sqrt(-h);
t55 = pw1.*t2.*t3.*(1.0./2.0);
t56 = pw4.*t2.*u1.*u4.*(1.0./2.0);
t68 = pw2.*t2.*u1.*u2.*(1.0./2.0);
t83 = pw3.*t2.*u1.*u3.*(1.0./2.0);
t57 = t17+t18+t55+t56-t68-t83;
t58 = pw2.*t2.*t3.*(1.0./2.0);
t59 = pw1.*t2.*u1.*u2.*(1.0./2.0);
t94 = pw3.*t2.*u1.*u4.*(1.0./2.0);
t242 = pw4.*t2.*u1.*u3.*(1.0./2.0);
t60 = t19+t20+t58+t59-t94-t242;
t61 = pw3.*t2.*t3.*(1.0./2.0);
t62 = pw1.*t2.*u1.*u3.*(1.0./2.0);
t63 = pw2.*t2.*u1.*u4.*(1.0./2.0);
t64 = pw4.*t2.*u1.*u2.*(1.0./2.0);
t65 = t21+t22+t61+t62+t63+t64;
t73 = pw1.*t2.*t4.*(1.0./2.0);
t84 = pw4.*t2.*u2.*u3.*(1.0./2.0);
t249 = pw3.*t2.*u2.*u4.*(1.0./2.0);
t74 = t17+t18+t68+t73-t84-t249;
t75 = pw2.*t2.*t4.*(1.0./2.0);
t76 = pw3.*t2.*u2.*u3.*(1.0./2.0);
t95 = pw4.*t2.*u2.*u4.*(1.0./2.0);
t77 = t19+t20-t59+t75+t76-t95;
t78 = pw4.*t2.*t4.*(1.0./2.0);
t79 = pw1.*t2.*u2.*u3.*(1.0./2.0);
t80 = pw3.*t2.*u1.*u2.*(1.0./2.0);
t81 = pw2.*t2.*u2.*u4.*(1.0./2.0);
t82 = t26+t27+t78+t79+t80+t81;
t85 = pw1.*t2.*t5.*(1.0./2.0);
t86 = pw2.*t2.*u3.*u4.*(1.0./2.0);
t87 = t17+t18+t83+t84+t85+t86;
t88 = pw3.*t2.*t5.*(1.0./2.0);
t89 = pw2.*t2.*u2.*u3.*(1.0./2.0);
t96 = pw4.*t2.*u3.*u4.*(1.0./2.0);
t90 = t21+t22-t62+t88+t89-t96;
t91 = pw4.*t2.*t5.*(1.0./2.0);
t92 = pw3.*t2.*u3.*u4.*(1.0./2.0);
t257 = pw2.*t2.*u1.*u3.*(1.0./2.0);
t93 = t26+t27-t79+t91+t92-t257;
t97 = pw2.*t2.*t6.*(1.0./2.0);
t98 = pw1.*t2.*u3.*u4.*(1.0./2.0);
t99 = t19+t20+t94+t95+t97+t98;
t100 = pw3.*t2.*t6.*(1.0./2.0);
t265 = pw1.*t2.*u2.*u4.*(1.0./2.0);
t101 = t21+t22-t63+t96+t100-t265;
t102 = pw4.*t2.*t6.*(1.0./2.0);
t103 = pw1.*t2.*u1.*u4.*(1.0./2.0);
t104 = t26+t27-t81-t92+t102+t103;
t105 = pw1.*t2.*w1.*2.0;
t106 = t12+t13+t14-t16+t105;
t107 = t106.*u1;
t108 = pw1.*t2.*u4.*w4;
t273 = pw1.*t2.*u2.*w2;
t274 = pw1.*t2.*u3.*w3;
t109 = t107+t108-t273-t274;
t110 = t106.*u3;
t111 = pw1.*t2.*u1.*w3;
t112 = pw1.*t2.*u2.*w4;
t113 = pw1.*t2.*u4.*w2;
t114 = t110+t111+t112+t113;
t115 = t106.*u2;
t116 = pw1.*t2.*u1.*w2;
t276 = pw1.*t2.*u3.*w4;
t277 = pw1.*t2.*u4.*w3;
t117 = t115+t116-t276-t277;
t118 = pw2.*t2.*w2.*2.0;
t119 = t11+t13+t14-t16+t118;
t120 = t119.*u2;
t121 = pw2.*t2.*u3.*w3;
t288 = pw2.*t2.*u1.*w1;
t289 = pw2.*t2.*u4.*w4;
t122 = t120+t121-t288-t289;
t123 = t119.*u4;
t124 = pw2.*t2.*u1.*w3;
t125 = pw2.*t2.*u3.*w1;
t126 = pw2.*t2.*u2.*w4;
t127 = t123+t124+t125+t126;
t128 = t119.*u1;
t129 = pw2.*t2.*u2.*w1;
t285 = pw2.*t2.*u3.*w4;
t286 = pw2.*t2.*u4.*w3;
t130 = t128+t129-t285-t286;
t131 = pw3.*t2.*w3.*2.0;
t132 = t11+t12+t14-t16+t131;
t133 = t132.*u3;
t134 = pw3.*t2.*u2.*w2;
t293 = pw3.*t2.*u1.*w1;
t294 = pw3.*t2.*u4.*w4;
t135 = t133+t134-t293-t294;
t136 = t132.*u1;
t137 = pw3.*t2.*u3.*w1;
t138 = pw3.*t2.*u2.*w4;
t139 = pw3.*t2.*u4.*w2;
t140 = t136+t137+t138+t139;
t141 = t132.*u4;
t142 = pw3.*t2.*u3.*w4;
t296 = pw3.*t2.*u1.*w2;
t297 = pw3.*t2.*u2.*w1;
t143 = t141+t142-t296-t297;
t144 = pw4.*t2.*w4.*2.0;
t145 = t11+t12+t13-t16+t144;
t146 = t145.*u4;
t147 = pw4.*t2.*u1.*w1;
t305 = pw4.*t2.*u2.*w2;
t306 = pw4.*t2.*u3.*w3;
t148 = t146+t147-t305-t306;
t149 = t145.*u2;
t150 = pw4.*t2.*u1.*w3;
t151 = pw4.*t2.*u3.*w1;
t152 = pw4.*t2.*u4.*w2;
t153 = t149+t150+t151+t152;
t154 = t145.*u3;
t155 = pw4.*t2.*u4.*w3;
t303 = pw4.*t2.*u1.*w2;
t304 = pw4.*t2.*u2.*w1;
t156 = t154+t155-t303-t304;
t157 = 1.0./h.^2;
t158 = pw1.*t157.*w1;
t159 = pw2.*t157.*w2;
t160 = pw3.*t157.*w3;
t161 = pw4.*t157.*w4;
t162 = t158+t159+t160+t161;
t163 = t162.*w1;
t164 = pw1.*t7.*t157.*(1.0./4.0);
t165 = t163+t164;
t166 = t162.*w2;
t167 = pw2.*t7.*t157.*(1.0./4.0);
t168 = t166+t167;
t169 = t162.*w3;
t170 = pw3.*t7.*t157.*(1.0./4.0);
t171 = t169+t170;
t172 = t162.*w4;
t173 = pw4.*t7.*t157.*(1.0./4.0);
t174 = t172+t173;
t175 = t8.*t9.*t10.*t33.*t38;
t176 = t8.*t9.*t10.*t41.*t44;
t177 = t8.*t9.*t10.*t48.*t51;
t178 = t175+t176+t177;
t179 = t165.*u1;
t180 = t174.*u4;
t312 = t168.*u2;
t313 = t171.*u3;
t181 = t179+t180-t312-t313;
t182 = t165.*u3;
t183 = t171.*u1;
t184 = t168.*u4;
t185 = t174.*u2;
t186 = t182+t183+t184+t185;
t187 = t165.*u2;
t188 = t168.*u1;
t315 = t171.*u4;
t316 = t174.*u3;
t189 = t187+t188-t315-t316;
t190 = 1.0./(-h).^(3.0./2.0);
t191 = t2.*t7.*(1.0./4.0);
t192 = w1.^2;
t193 = t2.*t192;
t194 = t191+t193;
t195 = t194.*u1;
t196 = t2.*u4.*w1.*w4;
t209 = t2.*u2.*w1.*w2;
t219 = t2.*u3.*w1.*w3;
t197 = t195+t196-t209-t219;
t198 = t194.*u3;
t199 = t2.*u1.*w1.*w3;
t200 = t2.*u2.*w1.*w4;
t201 = t2.*u4.*w1.*w2;
t202 = t198+t199+t200+t201;
t203 = t194.*u2;
t204 = t2.*u1.*w1.*w2;
t231 = t2.*u3.*w1.*w4;
t324 = t2.*u4.*w1.*w3;
t205 = t203+t204-t231-t324;
t206 = w2.^2;
t207 = t2.*t206;
t208 = t191+t207;
t210 = t2.*u4.*w2.*w4;
t330 = t208.*u2;
t331 = t2.*u3.*w2.*w3;
t211 = t204+t210-t330-t331;
t212 = t208.*u4;
t213 = t2.*u1.*w2.*w3;
t214 = t2.*u3.*w1.*w2;
t215 = t2.*u2.*w2.*w4;
t216 = t212+t213+t214+t215;
t217 = t208.*u1;
t220 = t2.*u4.*w2.*w3;
t328 = t2.*u3.*w2.*w4;
t218 = t209+t217-t220-t328;
t221 = w3.^2;
t222 = t2.*t221;
t223 = t191+t222;
t224 = t2.*u4.*w3.*w4;
t333 = t223.*u3;
t334 = t2.*u2.*w2.*w3;
t225 = t199+t224-t333-t334;
t226 = t223.*u1;
t227 = t2.*u2.*w3.*w4;
t228 = t219+t220+t226+t227;
t229 = t2.*u2.*w1.*w3;
t235 = t2.*u3.*w3.*w4;
t336 = t223.*u4;
t230 = t213+t229-t235-t336;
t232 = w4.^2;
t233 = t2.*t232;
t234 = t191+t233;
t236 = t234.*u2;
t237 = t2.*u1.*w3.*w4;
t238 = t210+t231+t236+t237;
t239 = t2.*u1.*w2.*w4;
t339 = t234.*u3;
t240 = t200-t224+t239-t339;
t241 = t8.*t9.*t10.*t44.*t57;
t243 = t8.*t9.*t10.*t51.*t60;
t244 = t8.*t9.*t10.*t38.*t65;
t245 = t8.*t9.*t10.*t41.*w1.*2.0;
t246 = t8.*t9.*t10.*t33.*w3.*2.0;
t247 = t8.*t9.*t10.*t48.*w2.*2.0;
t350 = t8.*t9.*t33.*t38.*t45.*u1.*2.0;
t351 = t8.*t9.*t41.*t44.*t45.*u1.*2.0;
t352 = t8.*t9.*t45.*t48.*t51.*u1.*2.0;
t248 = t241+t243+t244+t245+t246+t247-t350-t351-t352;
t250 = t8.*t9.*t10.*t44.*t77;
t251 = t8.*t9.*t10.*t41.*w2.*2.0;
t252 = t8.*t9.*t33.*t38.*t45.*u2.*2.0;
t253 = t8.*t9.*t41.*t44.*t45.*u2.*2.0;
t254 = t8.*t9.*t45.*t48.*t51.*u2.*2.0;
t353 = t8.*t9.*t10.*t51.*t74;
t354 = t8.*t9.*t10.*t38.*t82;
t355 = t8.*t9.*t10.*t48.*w1.*2.0;
t356 = t8.*t9.*t10.*t33.*w4.*2.0;
t255 = t250+t251+t252+t253+t254-t353-t354-t355-t356;
t256 = t8.*t9.*t10.*t44.*t90;
t258 = t8.*t9.*t10.*t51.*t93;
t259 = t8.*t9.*t10.*t41.*w3.*2.0;
t260 = t8.*t9.*t10.*t48.*w4.*2.0;
t261 = t8.*t9.*t33.*t38.*t45.*u3.*2.0;
t262 = t8.*t9.*t41.*t44.*t45.*u3.*2.0;
t263 = t8.*t9.*t45.*t48.*t51.*u3.*2.0;
t357 = t8.*t9.*t10.*t38.*t87;
t358 = t8.*t9.*t10.*t33.*w1.*2.0;
t264 = t256+t258+t259+t260+t261+t262+t263-t357-t358;
t266 = t8.*t9.*t10.*t51.*t101;
t267 = t8.*t9.*t10.*t48.*w3.*2.0;
t268 = t8.*t9.*t33.*t38.*t45.*u4.*2.0;
t269 = t8.*t9.*t41.*t44.*t45.*u4.*2.0;
